130
2781
7975
7352
16257
14433
10388
22433
3349
11634
20207
11317
28872
20665
32109
4934
5162
19318
11952
2905
11436
5096
6579
22864
16417
14488
9696
26759
19461
8906
4624
30380
11687
12599
4965
27944
27032
15353
17610
30382
26988
5049
8931
23092
25715
8272
28026
30877
27591
7211
1014
6259
12307
7594
29123
28724
22082
6051
22716
8775
14958
27340
6388
26645
7171
11353
21822
1435
26706
6664
31817
20926
11713
7980
11251
4660
16253
6509
2769
11076
13720
3784
17335
26027
11378
13690
21984
692
19742
11932
9467
1932
6504
15855
28577
13675
27208
17631
15110
21147
24295
14160
9305
3241
22140
20556
7901
5625
27066
10671
16701
8018
14455
1268
1278
25833
14959
23262
26525
1933
2426
3224
3865
8930
19080
32442
22605
13520
17306
4947
1899
