2.70
3.01
3.10
4.60
5.14
5.28
5.50
6.16
6.60
6.74
6.75
6.77
6.79
7.56
8.10
8.15
8.51
9.19
9.38
9.70
10.51
10.51
10.60
11.07
11.31
11.31
11.52
11.72
12.34
12.84
13.24
13.24
13.30
13.37
13.72
13.72
13.75
13.95
14.51
14.51
14.53
14.86
14.86
15.00
15.04
15.57
15.67
16.60
16.87
17.08
17.25
17.48
17.48
17.67
17.85
17.85
17.90
18.11
18.20
18.25
18.47
18.68
18.68
18.82
18.82
19.47
19.52
19.52
19.78
20.05
20.50
20.85
20.85
20.88
21.02
21.13
21.17
21.24
21.41
21.41
21.44
21.67
22.18
22.33
22.70
22.89
22.89
23.09
23.13
23.14
23.58
23.81
23.81
23.81
23.83
24.16
24.22
24.22
24.41
24.41
24.48
24.54
25.11
25.15
25.43
25.86
25.87
25.96
26.00
26.00
26.10
26.36
26.36
26.37
26.37
27.90
27.90
28.01
28.01
28.91
28.91
29.06
29.81
29.81
29.89
29.89
30.79
30.79
30.96
31.26
31.26
31.33
31.40
31.40
31.96
31.96
32.00
32.00
32.02
33.38
33.38
33.68
33.75
33.75
34.92
34.92
35.93
39.66
43.71
43.71
43.75
43.75
45.68
45.68
46.25
46.25
