4.6 5.0
11.5 13.2
16.6 0.2
1.1 2.8
12.1 16.5
19.8 15.5
11.0 5.6
10.3 14.8
6.1 17.2
0.2 4.6
17.8 0.3
19.8 14.4
9.9 20.9
19.8 6.1
0.1 5.5
15.7 8.5
15.2 10.2
19.6 15.7
3.6 5.7
2.5 16.8
12.3 16.4
0.6 5.1
6.6 2.5
6.2 13.7
20.4 7.3
1.7 13.0
15.8 11.9
6.8 9.3
3.0 14.6
5.8 3.5
7.1 4.0
3.7 3.4
2.3 8.9
6.4 1.6
1.5 15.6
9.8 8.3
19.0 6.4
2.1 4.1
15.3 9.2
15.6 9.2
12.6 10.4
4.8 2.2
16.5 17.2
12.1 8.6
19.6 12.3
15.5 14.2
16.5 12.3
7.5 19.8
18.8 13.4
12.4 12.5
3.9 16.8
5.2 10.5
9.8 8.9
1.6 18.4
8.9 12.9
1.5 18.8
3.1 13.4
17.2 14.0
4.6 20.6
4.5 4.2
8.3 1.9
5.4 19.3
20.3 13.1
6.2 12.5
13.7 17.5
13.1 14.4
4.6 6.0
20.4 6.0
15.7 8.1
18.7 18.0
2.1 9.0
14.5 1.0
9.7 0.3
13.5 19.9
12.1 17.7
19.6 10.7
1.1 5.8
10.7 7.8
5.2 4.3
1.5 18.0
16.5 4.4
17.3 17.4
11.6 4.4
0.1 15.0
18.2 0.0
7.9 11.0
0.0 3.1
12.4 5.0
2.0 20.0
17.9 0.2
14.7 17.3
16.0 15.2
3.4 12.8
20.4 15.9
9.7 14.4
2.7 0.0
13.5 16.4
8.8 16.2
5.5 7.6
9.1 6.3
9.5 7.1
13.3 0.0
3.5 7.3
5.5 1.1
13.8 19.4
18.3 15.2
11.6 3.9
16.2 17.7
19.5 18.1
9.3 18.0
12.8 9.4
4.8 19.3
12.4 10.3
2.1 4.0
10.8 5.9
0.4 16.8
9.8 15.1
11.3 9.3
9.6 16.9
13.6 15.3
10.5 6.9
13.4 18.7
2.3 0.5
9.6 15.9
9.6 16.9
14.4 19.6
7.3 7.7
7.0 1.9
18.1 0.5
2.2 5.2
14.3 8.2
14.2 13.7
11.6 6.0
19.2 19.2
18.6 2.6
20.5 5.6
2.7 20.4
16.8 10.8
2.3 17.4
12.6 10.7
10.3 12.4
12.8 19.2
8.1 10.3
16.7 2.4
12.2 15.8
11.6 1.5
6.1 0.8
7.6 13.2
10.8 10.6
6.6 7.3
13.0 7.5
3.9 10.5
2.0 15.6
14.4 18.8
14.4 10.5
12.6 15.1
